1 0.08793859649122807 0.4328703703703704 0.16973684210526316 0.19351851851851853
1 0.20350877192982456 0.20555555555555557 0.09035087719298246 0.19074074074074074
1 0.38070175438596493 0.06574074074074074 0.09298245614035087 0.12962962962962962
0 0.4982456140350877 0.5171296296296296 0.060526315789473685 0.1638888888888889
0 0.6578947368421053 0.13055555555555556 0.06315789473684211 0.12222222222222223
0 0.7482456140350877 0.45046296296296295 0.06140350877192983 0.1712962962962963
4 0.6660087719298246 0.39675925925925926 0.06535087719298245 0.11944444444444445
4 0.6254385964912281 0.5990740740740741 0.043859649122807015 0.11666666666666667
4 0.6600877192982456 0.6407407407407407 0.05 0.12962962962962962
1 0.9541666666666667 0.6060185185185185 0.09166666666666667 0.5657407407407408
