1 0.0625 0.5606481481481481 0.12412280701754386 0.14351851851851852
1 0.13355263157894737 0.3541666666666667 0.1267543859649123 0.1212962962962963
1 0.34539473684210525 0.11805555555555557 0.1355263157894737 0.23425925925925928
1 0.9594298245614036 0.7486111111111111 0.07324561403508772 0.5027777777777778
0 0.28728070175438597 0.8986111111111111 0.14210526315789473 0.20277777777777778
0 0.49385964912280705 0.5421296296296296 0.0692982456140351 0.13611111111111113
0 0.6225877192982456 0.3680555555555556 0.08114035087719298 0.1675925925925926
0 0.7864035087719299 0.11944444444444445 0.05964912280701754 0.11666666666666667
4 0.7513157894736843 0.39305555555555555 0.05175438596491228 0.11203703703703705
4 0.7276315789473684 0.5328703703703704 0.06140350877192983 0.11944444444444445
4 0.6070175438596491 0.687962962962963 0.06842105263157895 0.11666666666666667
4 0.6151315789473685 0.5949074074074074 0.0706140350877193 0.1212962962962963
5 0.8153508771929825 0.08194444444444444 0.07192982456140351 0.15462962962962964
