1 0.49956140350877193 0.16898148148148148 0.362280701754386 0.23611111111111113
1 0.12214912280701755 0.6185185185185186 0.24342105263157895 0.5333333333333333
4 0.3138157894736842 0.7893518518518519 0.10482456140350878 0.17314814814814816
4 0.4307017543859649 0.6287037037037038 0.05964912280701754 0.13333333333333333
4 0.5697368421052632 0.5365740740740741 0.05087719298245614 0.10648148148148148
4 0.6469298245614035 0.42638888888888893 0.062280701754385964 0.12314814814814816
4 0.8491228070175438 0.3421296296296296 0.07631578947368421 0.1175925925925926
4 0.9519736842105263 0.3800925925925926 0.046052631578947366 0.125
0 0.7570175438596491 0.38472222222222224 0.07280701754385965 0.16944444444444445
0 0.49451754385964913 0.5273148148148148 0.07149122807017544 0.15092592592592594
1 0.9482456140350878 0.9162037037037037 0.08947368421052632 0.1675925925925926
