5 0.6910087719298246 0.12037037037037038 0.07412280701754385 0.2240740740740741
4 0.5607456140350877 0.3180555555555556 0.06973684210526315 0.1175925925925926
4 0.38728070175438595 0.25601851851851853 0.05789473684210526 0.09351851851851853
4 0.37543859649122807 0.3236111111111111 0.058771929824561406 0.08055555555555556
0 0.1800438596491228 0.4305555555555556 0.07412280701754385 0.14814814814814814
0 0.5070175438596491 0.5231481481481481 0.07631578947368421 0.11851851851851852
0 0.43355263157894736 0.2652777777777778 0.05307017543859649 0.20277777777777778
1 0.25855263157894737 0.125 0.15570175438596492 0.14444444444444446
1 0.6048245614035088 0.7662037037037037 0.22719298245614036 0.23796296296296296
1 0.39824561403508774 0.9217592592592593 0.11929824561403508 0.1564814814814815
