0 0.5032894736842105 0.5115740740740741 0.09342105263157895 0.1712962962962963
0 0.306359649122807 0.9407407407407408 0.11008771929824561 0.11851851851851852
0 0.7975877192982457 0.14351851851851852 0.06096491228070176 0.12037037037037038
5 0.9026315789473685 0.06435185185185185 0.08771929824561403 0.12685185185185185
4 0.606359649122807 0.3703703703703704 0.04868421052631579 0.12592592592592594
4 0.7587719298245614 0.44722222222222224 0.04035087719298246 0.1
4 0.7028508771929824 0.2111111111111111 0.056578947368421055 0.10555555555555556
4 0.7506578947368421 0.19351851851851853 0.046052631578947366 0.10185185185185186
4 0.712280701754386 0.3541666666666667 0.05964912280701754 0.11203703703703705
4 0.7629385964912281 0.34305555555555556 0.05131578947368421 0.10462962962962963
1 0.3405701754385965 0.1564814814814815 0.26535087719298245 0.30185185185185187
1 0.8910087719298245 0.7564814814814815 0.21447368421052632 0.4851851851851852
