0 0.29846491228070177 0.5064814814814815 0.1074561403508772 0.1925925925925926
0 0.4982456140350877 0.5425925925925926 0.05175438596491228 0.1462962962962963
0 0.37258771929824563 0.3925925925925926 0.06271929824561404 0.16296296296296298
0 0.4179824561403509 0.19953703703703704 0.05 0.13055555555555556
4 0.4763157894736842 0.04953703703703704 0.04649122807017544 0.09351851851851853
4 0.030701754385964914 0.9523148148148148 0.048245614035087724 0.09537037037037037
1 0.9173245614035088 0.26203703703703707 0.15921052631578947 0.21851851851851853
1 0.8653508771929824 0.5175925925925926 0.2675438596491228 0.40925925925925927
1 0.6364035087719299 0.725462962962963 0.2 0.3712962962962963
1 0.11293859649122807 0.32592592592592595 0.21885964912280703 0.49444444444444446
