0 0.5072368421052632 0.5166666666666667 0.056578947368421055 0.18333333333333335
0 0.36973684210526314 0.3731481481481482 0.043859649122807015 0.15
0 0.6328947368421053 0.04351851851851852 0.048245614035087724 0.08518518518518518
5 0.7092105263157895 0.08009259259259259 0.0692982456140351 0.15833333333333333
4 0.5278508771929825 0.1962962962962963 0.046052631578947366 0.08518518518518518
4 0.48004385964912283 0.23703703703703705 0.04868421052631579 0.0925925925925926
4 0.40789473684210525 0.41435185185185186 0.04912280701754386 0.08981481481481482
1 0.9467105263157894 0.19953703703703704 0.08640350877192983 0.2138888888888889
1 0.22850877192982458 0.09537037037037037 0.11228070175438597 0.17592592592592593
1 0.887280701754386 0.5569444444444445 0.11666666666666667 0.19722222222222224
1 0.6445175438596491 0.8203703703703704 0.33289473684210524 0.32962962962962966
