6 0.27631578947368424 0.8444444444444444 0.18070175438596492 0.3092592592592593
0 0.06140350877192983 0.6796296296296297 0.10526315789473685 0.20185185185185187
0 0.49100877192982456 0.5171296296296296 0.075 0.14351851851851852
0 0.7526315789473684 0.11898148148148148 0.08508771929824561 0.16574074074074074
4 0.4144736842105263 0.11111111111111112 0.048245614035087724 0.09444444444444444
4 0.3635964912280702 0.11898148148148148 0.04035087719298246 0.09537037037037037
4 0.26162280701754387 0.10462962962962963 0.039912280701754385 0.07962962962962963
4 0.1881578947368421 0.09907407407407408 0.04736842105263158 0.05555555555555556
5 0.5410087719298246 0.07037037037037037 0.06710526315789474 0.1388888888888889
1 0.2730263157894737 0.5601851851851852 0.25219298245614036 0.16296296296296298
1 0.5989035087719299 0.4365740740740741 0.14692982456140352 0.20833333333333334
