0 0.5004385964912281 0.5472222222222223 0.07017543859649122 0.1388888888888889
1 0.8682017543859649 0.14074074074074075 0.0706140350877193 0.16296296296296298
1 0.7879385964912281 0.425 0.1425438596491228 0.1537037037037037
1 0.49451754385964913 0.7282407407407407 0.34342105263157896 0.5287037037037037
4 0.23728070175438598 0.42083333333333334 0.03859649122807018 0.08981481481481482
4 0.27478070175438596 0.36435185185185187 0.05570175438596491 0.09722222222222222
4 0.3239035087719298 0.25324074074074077 0.04342105263157895 0.08055555555555556
4 0.3785087719298246 0.2712962962962963 0.04298245614035088 0.0925925925925926
4 0.40789473684210525 0.19351851851851853 0.056140350877192984 0.07777777777777778
4 0.44035087719298244 0.13425925925925927 0.05526315789473684 0.09814814814814815
0 0.5447368421052632 0.04814814814814815 0.035964912280701755 0.09444444444444444
5 0.649780701754386 0.04814814814814815 0.05745614035087719 0.09444444444444444
