1 0.9815789473684211 0.8773148148148149 0.0368421052631579 0.22685185185185186
0 0.48947368421052634 0.5060185185185185 0.08070175438596491 0.16203703703703703
2 0.32478070175438595 0.1537037037037037 0.14605263157894738 0.13333333333333333
4 0.6888157894736843 0.4712962962962963 0.06271929824561404 0.10925925925925926
4 0.7791666666666667 0.3180555555555556 0.05745614035087719 0.10462962962962963
4 0.8335526315789474 0.20092592592592592 0.09342105263157895 0.15185185185185185
0 0.962280701754386 0.059722222222222225 0.07456140350877193 0.11574074074074074
5 0.8447368421052631 0.08194444444444444 0.07280701754385965 0.12314814814814816
5 0.656359649122807 0.7319444444444445 0.08552631578947369 0.17500000000000002
5 0.8383771929824562 0.08009259259259259 0.056578947368421055 0.075
