5 0.8138157894736843 0.09814814814814815 0.10307017543859649 0.19444444444444445
0 0.6425438596491229 0.12962962962962962 0.05789473684210526 0.14814814814814814
0 0.49912280701754386 0.5287037037037037 0.060526315789473685 0.17222222222222222
0 0.7328947368421053 0.4935185185185185 0.06578947368421052 0.1462962962962963
4 0.6638157894736842 0.5736111111111112 0.06535087719298245 0.1212962962962963
4 0.6320175438596491 0.8097222222222222 0.07192982456140351 0.15092592592592594
1 0.06293859649122807 0.5976851851851852 0.125 0.2064814814814815
1 0.3462719298245614 0.12824074074074074 0.10921052631578948 0.225
1 0.13223684210526315 0.3574074074074074 0.14605263157894738 0.14444444444444446
1 0.9475877192982456 0.7620370370370371 0.09078947368421053 0.4759259259259259
