0 0.49100877192982456 0.5217592592592593 0.09166666666666667 0.14722222222222223
0 0.6769736842105263 0.32916666666666666 0.07324561403508772 0.1287037037037037
4 0.6416666666666667 0.4430555555555556 0.060526315789473685 0.0712962962962963
4 0.7763157894736842 0.3194444444444445 0.04035087719298246 0.08333333333333334
4 0.7322368421052632 0.2898148148148148 0.038157894736842106 0.08518518518518518
4 0.7756578947368421 0.23194444444444445 0.04692982456140351 0.08240740740740742
0 0.8131578947368421 0.17962962962962964 0.07105263157894737 0.17037037037037037
1 0.36293859649122806 0.2013888888888889 0.29254385964912283 0.3101851851851852
1 0.08640350877192983 0.3814814814814815 0.1280701754385965 0.1425925925925926
1 0.9429824561403509 0.8402777777777778 0.1 0.3194444444444445
5 0.9438596491228071 0.10185185185185186 0.09298245614035087 0.1851851851851852
