1 0.46732456140350875 0.8361111111111111 0.23464912280701755 0.3277777777777778
1 0.6094298245614035 0.6013888888888889 0.2118421052631579 0.19722222222222224
0 0.49758771929824563 0.5060185185185185 0.06798245614035088 0.1212962962962963
0 0.1850877192982456 0.924537037037037 0.14385964912280702 0.13611111111111113
0 0.2771929824561404 0.1912037037037037 0.0824561403508772 0.13055555555555556
4 0.5078947368421053 0.13611111111111113 0.035964912280701755 0.09074074074074075
4 0.5453947368421053 0.14351851851851852 0.035526315789473684 0.08518518518518518
4 0.6182017543859649 0.15601851851851853 0.035526315789473684 0.0787037037037037
4 0.6491228070175439 0.1912037037037037 0.037719298245614034 0.08240740740740742
5 0.6756578947368421 0.07361111111111111 0.0662280701754386 0.14537037037037037
2 0.9550438596491229 0.5726851851851852 0.08991228070175439 0.14537037037037037
