1 0.35833333333333334 0.23055555555555557 0.32456140350877194 0.22037037037037038
0 0.10570175438596491 0.8486111111111111 0.052631578947368425 0.18055555555555555
0 0.2916666666666667 0.6273148148148149 0.11315789473684211 0.17500000000000002
0 0.5063596491228071 0.5175925925925926 0.056578947368421055 0.16111111111111112
4 0.06293859649122807 0.8958333333333334 0.039912280701754385 0.11574074074074074
4 0.6173245614035088 0.4990740740740741 0.06447368421052632 0.11851851851851852
4 0.7842105263157895 0.4902777777777778 0.04473684210526316 0.07314814814814816
4 0.7447368421052631 0.3060185185185185 0.06315789473684211 0.10092592592592593
4 0.7732456140350877 0.4300925925925926 0.07105263157894737 0.09166666666666667
5 0.8850877192982456 0.16018518518518518 0.10175438596491228 0.23703703703703705
1 0.9195175438596491 0.8666666666666667 0.16096491228070176 0.2388888888888889
