1 0.8432017543859649 0.8157407407407408 0.20482456140350877 0.1925925925925926
4 0.08728070175438597 0.6921296296296297 0.08771929824561403 0.1527777777777778
4 0.1600877192982456 0.6851851851851852 0.05087719298245614 0.10185185185185186
4 0.3600877192982456 0.5115740740740741 0.02982456140350877 0.08055555555555556
4 0.38728070175438595 0.5546296296296297 0.03859649122807018 0.11296296296296297
0 0.49254385964912284 0.525462962962963 0.09210526315789473 0.14351851851851852
4 0.6328947368421053 0.4328703703703704 0.04298245614035088 0.08611111111111111
4 0.6629385964912281 0.3263888888888889 0.04692982456140351 0.13796296296296298
0 0.612280701754386 0.2976851851851852 0.05701754385964913 0.16944444444444445
5 0.8513157894736842 0.13148148148148148 0.0780701754385965 0.2388888888888889
1 0.3396929824561404 0.17685185185185187 0.2986842105263158 0.17962962962962964
