1 0.24605263157894738 0.15 0.1298245614035088 0.1574074074074074
1 0.5651315789473684 0.8222222222222223 0.25043859649122807 0.29074074074074074
0 0.25570175438596493 0.28055555555555556 0.062280701754385964 0.14444444444444446
0 0.4953947368421053 0.5296296296296297 0.07412280701754385 0.17592592592592593
0 0.37916666666666665 0.32685185185185184 0.04956140350877193 0.1814814814814815
4 0.5050438596491228 0.28611111111111115 0.06096491228070176 0.09444444444444444
4 0.543201754385965 0.38703703703703707 0.04429824561403509 0.08333333333333334
4 0.4307017543859649 0.2837962962962963 0.05087719298245614 0.10462962962962963
5 0.6557017543859649 0.13842592592592592 0.09385964912280702 0.275
1 0.9651315789473685 0.13240740740740742 0.06973684210526315 0.1277777777777778
