1 0.38728070175438595 0.18055555555555555 0.1780701754385965 0.16296296296296298
1 0.9337719298245615 0.7763888888888889 0.1324561403508772 0.2064814814814815
1 0.44978070175438595 0.03425925925925926 0.13464912280701755 0.04814814814814815
0 0.5019736842105263 0.5018518518518519 0.058333333333333334 0.12407407407407407
0 0.06359649122807018 0.7328703703703704 0.10526315789473685 0.1638888888888889
4 0.19671052631578947 0.7930555555555556 0.10570175438596491 0.09166666666666667
4 0.2756578947368421 0.6314814814814815 0.0925438596491228 0.1425925925925926
4 0.5263157894736842 0.6245370370370371 0.04649122807017544 0.13055555555555556
4 0.7425438596491228 0.5796296296296296 0.058771929824561406 0.11851851851851852
4 0.8041666666666667 0.5282407407407408 0.06447368421052632 0.14907407407407408
