4 0.4697368421052632 0.2625 0.07192982456140351 0.11574074074074074
4 0.5416666666666666 0.17546296296296296 0.06140350877192983 0.09351851851851853
4 0.5982456140350877 0.0912037037037037 0.0368421052631579 0.09722222222222222
4 0.5131578947368421 0.674537037037037 0.08333333333333333 0.14722222222222223
4 0.662280701754386 0.6532407407407408 0.048245614035087724 0.125
4 0.21008771929824563 0.22037037037037038 0.04912280701754386 0.08518518518518518
4 0.23421052631578948 0.1175925925925926 0.04035087719298246 0.07777777777777778
7 0.30723684210526314 0.4356481481481482 0.21008771929824563 0.4287037037037037
0 0.49473684210526314 0.49583333333333335 0.0649122807017544 0.14351851851851852
5 0.6489035087719298 0.06342592592592593 0.07324561403508772 0.125
